# Density of the sequence x_{k+1} = 2x_k * sqrt(1 - x_k^2)
# Initial condition: x_0 = 0.75
# Number of iterations: 100000
# Number of bins: 100
#
# Column 1: x (bin center)
# Column 2: Empirical density
# Column 3: Theoretical density
#
0.00500000 0.60899391 0.63662773
0.01500000 0.64099359 0.63669140
0.02500000 0.63199368 0.63681881
0.03500000 0.66899331 0.63701006
0.04500000 0.63899361 0.63726533
0.05500000 0.63499365 0.63758485
0.06500000 0.66199338 0.63796891
0.07500000 0.65499345 0.63841785
0.08500000 0.63199368 0.63893210
0.09500000 0.62199378 0.63951211
0.10500000 0.64599354 0.64015843
0.11500000 0.64699353 0.64087164
0.12500000 0.63399366 0.64165242
0.13500000 0.64699353 0.64250149
0.14500000 0.68299317 0.64341965
0.15500000 0.62399376 0.64440778
0.16500000 0.67899321 0.64546682
0.17500000 0.65099349 0.64659779
0.18500000 0.59099409 0.64780179
0.19500000 0.63899361 0.64908000
0.20500000 0.66799332 0.65043370
0.21500000 0.61499385 0.65186424
0.22500000 0.69499305 0.65337307
0.23500000 0.61899381 0.65496173
0.24500000 0.61799382 0.65663189
0.25500000 0.68699313 0.65838530
0.26500000 0.67799322 0.66022382
0.27500000 0.67799322 0.66214946
0.28500000 0.64799352 0.66416432
0.29500000 0.67799322 0.66627065
0.30500000 0.69099309 0.66847084
0.31500000 0.62899371 0.67076742
0.32500000 0.66899331 0.67316309
0.33500000 0.68599314 0.67566071
0.34500000 0.67299327 0.67826332
0.35500000 0.66699333 0.68097414
0.36500000 0.67099329 0.68379660
0.37500000 0.69499305 0.68673434
0.38500000 0.68399316 0.68979125
0.39500000 0.72499275 0.69297143
0.40500000 0.68399316 0.69627929
0.41500000 0.69699303 0.69971949
0.42500000 0.69999300 0.70329701
0.43500000 0.70499295 0.70701715
0.44500000 0.70599294 0.71088558
0.45500000 0.70299297 0.71490836
0.46500000 0.72699273 0.71909194
0.47500000 0.72599274 0.72344324
0.48500000 0.72099279 0.72796966
0.49500000 0.76199238 0.73267916
0.50500000 0.73899261 0.73758024
0.51500000 0.76999230 0.74268207
0.52500000 0.75599244 0.74799449
0.53500000 0.78099219 0.75352811
0.54500000 0.71099289 0.75929438
0.55500000 0.74399256 0.76530565
0.56500000 0.76499235 0.77157531
0.57500000 0.79799202 0.77811785
0.58500000 0.76599234 0.78494900
0.59500000 0.71599284 0.79208587
0.60500000 0.78399216 0.79954711
0.61500000 0.82799172 0.80735306
0.62500000 0.81499185 0.81552599
0.63500000 0.86899131 0.82409032
0.64500000 0.80999190 0.83307288
0.65500000 0.85199148 0.84250323
0.66500000 0.83799162 0.85241405
0.67500000 0.86599134 0.86284152
0.68500000 0.87599124 0.87382586
0.69500000 0.86199138 0.88541189
0.70500000 0.88699113 0.89764977
0.71500000 0.96299037 0.91059577
0.72500000 0.89999100 0.92431335
0.73500000 0.95699043 0.93887429
0.74500000 0.90599094 0.95436019
0.75500000 0.99899001 0.97086427
0.76500000 0.95499045 0.98849354
0.77500000 0.99899001 1.00737156
0.78500000 1.04798952 1.02764185
0.79500000 1.10398896 1.04947227
0.80500000 1.04698953 1.07306051
0.81500000 1.10798892 1.09864136
0.82500000 1.12198878 1.12649603
0.83500000 1.19098809 1.15696472
0.84500000 1.19598804 1.19046351
0.85500000 1.23998760 1.22750753
0.86500000 1.25598744 1.26874347
0.87500000 1.33798662 1.31499615
0.88500000 1.36998630 1.36733687
0.89500000 1.49698503 1.42718695
0.90500000 1.48998510 1.49647970
0.91500000 1.52498475 1.57792469
0.92500000 1.70598294 1.67546023
0.93500000 1.78298217 1.79507649
0.94500000 1.96198038 1.94643083
0.95500000 2.04597954 2.14634972
0.96500000 2.50497495 2.42753122
0.97500000 2.90097099 2.86501281
0.98500000 3.71596284 3.68938721
0.99500000 8.99591004 6.37417042
